0 1002184 1 com-youtube ssocial 4.25776 3.95795
0 100366 1 com-amazon ssocial 0.00256419 0.000338316
0 1003931 1 com-youtube ssocial 1.09403 1.03529
0 104693 1 com-amazon ssocial 0.00223708 0.000308752
0 104749 1 com-dblp ssocial 0.00429583 0.00154901
0 1063505 1 com-youtube ssocial 2.66128 2.55102
0 10707 1 com-amazon ssocial 0.00270295 0.00054884
0 109328 1 com-amazon ssocial 0.001266 0.00014925
0 113102 1 com-amazon ssocial 0.00209093 0.000415802
0 1132223 1 com-lj ssocial 25.4989 21.0029
0 113897 1 com-amazon ssocial 0.00137711 0.000184059
0 1150806 1 com-lj ssocial 27.2522 21.8775
0 116104 1 com-amazon ssocial 0.00135088 0.000161886
0 1167348 1 com-lj ssocial 6.23938 4.90559
0 116809 1 com-amazon ssocial 0.00469899 0.00122881
0 117272 1 com-orkut ssocial 77.5854 71.1062
0 120218 1 com-youtube ssocial 9.07423 7.83876
0 121124 1 com-youtube ssocial 8.49675 7.48445
0 1217562 1 com-orkut ssocial 505.444 484.269
0 122825 1 com-amazon ssocial 0.00159097 0.000251055
0 123331 1 com-youtube ssocial 7.07628 6.12171
0 1238151 1 com-lj ssocial 10.6091 9.21492
0 125719 1 com-dblp ssocial 0.027267 0.0145149
0 126930 1 com-amazon ssocial 0.01017 0.002496
0 12906 1 com-amazon ssocial 0.00189614 0.000278711
0 129615 1 com-dblp ssocial 0.0292001 0.014426
0 1317056 1 com-lj ssocial 18.882 17.1788
0 1318152 1 com-orkut ssocial 783.29 725.893
0 135016 1 com-youtube ssocial 8.95807 7.74182
0 1359670 1 com-orkut ssocial 704.49 652.564
0 1364672 1 com-lj ssocial 2.54906 1.98835
0 1384981 1 com-orkut ssocial 736.602 686.009
0 139190 1 com-lj ssocial 41.6592 33.2505
0 140441 1 com-amazon ssocial 0.00258708 0.000611067
0 141088 1 com-amazon ssocial 0.00110888 0.000101089
0 14145 1 com-dblp ssocial 0.0155492 0.00705719
0 141929 1 com-amazon ssocial 0.00157619 0.000181198
0 143348 1 com-dblp ssocial 0.0224819 0.0134149
0 1474163 1 com-lj ssocial 14.6079 12.3844
0 147838 1 com-dblp ssocial 0.00453687 0.00146508
0 1486996 1 com-orkut ssocial 949.933 875.138
0 151313 1 com-amazon ssocial 0.00201201 0.000260115
0 1533055 1 com-orkut ssocial 700.236 649.99
0 153378 1 com-youtube ssocial 6.96465 6.09728
0 153891 1 com-dblp ssocial 0.012639 0.00525999
0 1543819 1 com-lj ssocial 9.75731 8.82424
0 155375 1 com-amazon ssocial 0.00363302 0.00075531
0 155793 1 com-youtube ssocial 6.0926 5.45044
0 1561504 1 com-orkut ssocial 717.184 666.132
0 156363 1 com-lj ssocial 19.228 16.536
0 1571870 1 com-orkut ssocial 720.086 673.386
0 1594311 1 com-orkut ssocial 883.682 817.005
0 159937 1 com-amazon ssocial 0.0016849 0.000182867
0 1615486 1 com-orkut ssocial 566.087 538.398
0 1646451 1 com-lj ssocial 4.85258 4.19034
0 169380 1 com-dblp ssocial 0.01052 0.00503182
0 171902 1 com-dblp ssocial 0.0114069 0.00494981
0 1749645 1 com-lj ssocial 10.6249 8.7221
0 1755501 1 com-lj ssocial 8.39287 6.91772
0 17722 1 com-amazon ssocial 0.00356197 0.000931978
0 1779235 1 com-orkut ssocial 989.387 911.685
0 1782460 1 com-lj ssocial 5.07547 4.12357
0 180111 1 com-youtube ssocial 10.1675 8.76905
0 183578 1 com-amazon ssocial 0.00168705 0.000306129
0 1836728 1 com-lj ssocial 13.2205 11.2612
0 188276 1 com-dblp ssocial 0.00821614 0.00307965
0 190674 1 com-dblp ssocial 0.0154908 0.00592685
0 1919413 1 com-orkut ssocial 688.237 640.247
0 192957 1 com-dblp ssocial 0.0200779 0.00813699
0 1945195 1 com-orkut ssocial 692.161 646.722
0 1956014 1 com-lj ssocial 0.601079 0.482603
0 2022968 1 com-orkut ssocial 841.641 789.147
0 2042922 1 com-orkut ssocial 900.759 839.542
0 205246 1 com-amazon ssocial 0.00125194 0.000103951
0 206146 1 com-amazon ssocial 0.00283694 0.000707865
0 206267 1 com-amazon ssocial 0.00111389 0.000130892
0 206555 1 com-orkut ssocial 341.475 313.654
0 2076507 1 com-orkut ssocial 746.242 697.416
0 209273 1 com-amazon ssocial 0.00151491 0.000225782
0 210534 1 com-lj ssocial 73.4629 51.803
0 212219 1 com-dblp ssocial 0.122025 0.0641432
0 2129911 1 com-lj ssocial 5.80269 5.08351
0 2136907 1 com-lj ssocial 0.999271 0.831272
0 216166 1 com-dblp ssocial 0.017679 0.0104969
0 216454 1 com-amazon ssocial 0.00177693 0.000236034
0 216796 1 com-dblp ssocial 0.0224349 0.00955701
0 21954 1 com-amazon ssocial 0.00160289 0.000182152
0 2231322 1 com-lj ssocial 4.3184 3.53634
0 225121 1 com-dblp ssocial 0.0520589 0.025125
0 2263635 1 com-orkut ssocial 444.78 423.89
0 227858 1 com-orkut ssocial 294.388 272.822
0 2279858 1 com-lj ssocial 1.67946 1.38806
0 2282878 1 com-lj ssocial 4.32346 3.52064
0 229593 1 com-dblp ssocial 0.0269821 0.0138769
0 2299360 1 com-lj ssocial 5.61809 4.74799
0 2306146 1 com-orkut ssocial 281.464 266.006
0 231535 1 com-dblp ssocial 0.00226092 0.00054884
0 233139 1 com-amazon ssocial 0.0015862 0.000148773
0 2334167 1 com-orkut ssocial 216.209 201.322
0 2341590 1 com-orkut ssocial 127.151 120.774
0 234861 1 com-dblp ssocial 0.0412409 0.018996
0 2367615 1 com-lj ssocial 2.60134 2.1791
0 2374350 1 com-orkut ssocial 405.638 390.353
0 238436 1 com-dblp ssocial 0.0277538 0.013552
0 238638 1 com-amazon ssocial 0.00100589 6.31809e-05
0 2414114 1 com-orkut ssocial 344.169 333.262
0 241968 1 com-amazon ssocial 0.00204897 0.000364065
0 2451940 1 com-lj ssocial 4.17828 3.46941
0 2454169 1 com-orkut ssocial 60.5511 55.2616
0 24665 1 com-amazon ssocial 0.00187707 0.000280857
0 249734 1 com-dblp ssocial 0.0525122 0.0297482
0 251629 1 com-dblp ssocial 0.00432086 0.00176072
0 254628 1 com-amazon ssocial 0.00104499 0.000121832
0 254841 1 com-dblp ssocial 0.019134 0.00811839
0 260475 1 com-amazon ssocial 0.00221109 0.000334263
0 260507 1 com-dblp ssocial 0.00826502 0.00331187
0 261293 1 com-dblp ssocial 0.0202081 0.00872016
0 2621021 1 com-lj ssocial 3.33007 2.79433
0 2622439 1 com-lj ssocial 1.75864 1.34944
0 264211 1 com-amazon ssocial 0.002213 0.000359058
0 265873 1 com-amazon ssocial 0.00225997 0.000329971
0 2665267 1 com-orkut ssocial 54.1808 50.0328
0 2756533 1 com-orkut ssocial 95.4565 89.9456
0 280734 1 com-dblp ssocial 0.009341 0.00440478
0 283125 1 com-amazon ssocial 0.00187492 0.000285864
0 283423 1 com-amazon ssocial 0.00109386 9.98974e-05
0 284881 1 com-amazon ssocial 0.00402999 0.00102282
0 286825 1 com-dblp ssocial 0.039022 0.0222239
0 28776 1 com-dblp ssocial 0.00268006 0.000644445
0 288171 1 com-dblp ssocial 0.00302601 0.00110221
0 289057 1 com-amazon ssocial 0.014456 0.00340891
0 2896808 1 com-orkut ssocial 230.056 215.553
0 292395 1 com-orkut ssocial 428.951 401.101
0 2959780 1 com-orkut ssocial 1.37573 1.15437
0 2961054 1 com-orkut ssocial 42.2894 39.1223
0 297467 1 com-dblp ssocial 0.00976706 0.0045507
0 2988733 1 com-orkut ssocial 477.692 462.186
0 299509 1 com-dblp ssocial 0.00402212 0.00134587
0 2999518 1 com-lj ssocial 0.739165 0.606537
0 3005197 1 com-orkut ssocial 18.3299 16.5081
0 3038417 1 com-orkut ssocial 695.44 638.764
0 3049538 1 com-orkut ssocial 102.253 94.2224
0 305109 1 com-dblp ssocial 0.00823092 0.00346804
0 310190 1 com-amazon ssocial 0.00116801 0.000126123
0 311288 1 com-dblp ssocial 0.00349212 0.00090909
0 3124699 1 com-lj ssocial 0.982683 0.786534
0 318698 1 com-amazon ssocial 0.004287 0.000998974
0 3198801 1 com-lj ssocial 1.89785 1.52644
0 3337480 1 com-lj ssocial 0.135872 0.082613
0 33435 1 com-amazon ssocial 0.00216293 0.00031805
0 3367834 1 com-lj ssocial 0.180883 0.125249
0 3401393 1 com-lj ssocial 0.28662 0.213058
0 3417393 1 com-lj ssocial 0.300433 0.216559
0 34550 1 com-youtube ssocial 10.7608 8.74627
0 3508751 1 com-lj ssocial 0.0412991 0.0249696
0 350894 1 com-youtube ssocial 2.66535 2.57953
0 351822 1 com-youtube ssocial 7.47236 6.67168
0 3543676 1 com-lj ssocial 0.0267611 0.0123127
0 356905 1 com-youtube ssocial 5.87257 5.37914
0 357 1 com-dblp ssocial 0.00269103 0.000814915
0 3582461 1 com-lj ssocial 0.755493 0.550173
0 367 1 com-amazon ssocial 0.00238705 0.000503063
0 3697041 1 com-lj ssocial 0.0536621 0.0386548
0 3781299 1 com-lj ssocial 0.35382 0.322557
0 379700 1 com-youtube ssocial 5.84291 5.35174
0 380055 1 com-youtube ssocial 5.83987 5.34338
0 381182 1 com-orkut ssocial 414.77 397.303
0 40865 1 com-amazon ssocial 0.00128984 0.000180006
0 413026 1 com-youtube ssocial 6.60551 5.83126
0 4199 1 com-dblp ssocial 0.0510249 0.0298259
0 424785 1 com-youtube ssocial 4.33858 3.93236
0 427132 1 com-youtube ssocial 6.83404 6.11289
0 432794 1 com-orkut ssocial 231.677 210.522
0 438748 1 com-youtube ssocial 8.54946 7.44809
0 446481 1 com-youtube ssocial 7.04245 6.34052
0 458639 1 com-lj ssocial 1.70363 1.51212
0 459072 1 com-orkut ssocial 598.835 552.557
0 46387 1 com-orkut ssocial 68.0003 62.7663
0 476085 1 com-orkut ssocial 217.643 205.67
0 483355 1 com-lj ssocial 10.446 8.97436
0 483377 1 com-youtube ssocial 7.50102 6.5666
0 484029 1 com-lj ssocial 23.7794 19.2085
0 48691 1 com-dblp ssocial 0.00243402 0.000682116
0 490209 1 com-youtube ssocial 6.28671 5.67771
0 512760 1 com-youtube ssocial 6.39977 5.77055
0 525771 1 com-youtube ssocial 4.17134 3.86576
0 525862 1 com-youtube ssocial 2.62217 2.49318
0 52787 1 com-amazon ssocial 0.00323081 0.000685692
0 534269 1 com-orkut ssocial 42.2948 39.1221
0 539417 1 com-orkut ssocial 965.023 892.959
0 549362 1 com-youtube ssocial 6.75997 6.03547
0 55363 1 com-youtube ssocial 9.02638 7.84849
0 55571 1 com-amazon ssocial 0.00172901 0.000268936
0 586984 1 com-youtube ssocial 4.63537 4.30356
0 615599 1 com-orkut ssocial 117.728 107.335
0 61984 1 com-amazon ssocial 0.00126791 0.00019002
0 621921 1 com-youtube ssocial 4.03544 3.80867
0 62704 1 com-youtube ssocial 8.25168 6.90396
0 63105 1 com-amazon ssocial 0.00159812 0.000275135
0 633205 1 com-youtube ssocial 2.22604 2.14226
0 634750 1 com-youtube ssocial 1.77496 1.7129
0 65045 1 com-dblp ssocial 0.0336189 0.0160773
0 652199 1 com-youtube ssocial 6.31605 5.73229
0 669294 1 com-lj ssocial 34.3891 26.448
0 679893 1 com-youtube ssocial 2.87015 2.76264
0 68046 1 com-dblp ssocial 0.111134 0.0612621
0 68801 1 com-dblp ssocial 0.0488219 0.034215
0 693784 1 com-youtube ssocial 1.59062 1.55465
0 693992 1 com-youtube ssocial 0.908108 0.867199
0 69545 1 com-dblp ssocial 0.30574 0.150838
0 696406 1 com-youtube ssocial 3.70858 3.50684
0 69660 1 com-dblp ssocial 0.00865507 0.00355315
0 69702 1 com-dblp ssocial 0.045002 0.021148
0 708330 1 com-lj ssocial 7.52563 6.16339
0 710522 1 com-orkut ssocial 110.499 100.576
0 71276 1 com-amazon ssocial 0.00181985 0.000295877
0 72056 1 com-dblp ssocial 0.00600791 0.00263977
0 725530 1 com-lj ssocial 23.2288 18.7046
0 72875 1 com-youtube ssocial 9.7291 8.14512
0 732266 1 com-youtube ssocial 7.21094 6.03954
0 739858 1 com-youtube ssocial 2.53695 2.4438
0 75437 1 com-dblp ssocial 0.062778 0.0350261
0 758453 1 com-orkut ssocial 119.715 108.97
0 764884 1 com-lj ssocial 0.660813 0.471709
0 76800 1 com-dblp ssocial 0.0220702 0.00826979
0 778717 1 com-lj ssocial 46.6054 40.5036
0 786806 1 com-youtube ssocial 1.38467 1.31284
0 79002 1 com-dblp ssocial 0.00695491 0.00418687
0 793194 1 com-youtube ssocial 4.96024 4.43525
0 800049 1 com-youtube ssocial 3.28545 3.1176
0 81047 1 com-dblp ssocial 0.05985 0.0308239
0 81112 1 com-amazon ssocial 0.00542784 0.000983953
0 814692 1 com-orkut ssocial 127.961 117.431
0 816490 1 com-lj ssocial 4.26084 3.29852
0 83000 1 com-amazon ssocial 0.00217891 0.000403881
0 85947 1 com-amazon ssocial 0.00148487 0.000221968
0 862356 1 com-orkut ssocial 394.53 371.372
0 878296 1 com-youtube ssocial 2.48204 2.3783
0 881161 1 com-lj ssocial 31.1469 25.4137
0 894711 1 com-youtube ssocial 0.981463 0.933214
0 914673 1 com-lj ssocial 13.034 11.4568
0 92139 1 com-orkut ssocial 107.948 97.9044
0 92483 1 com-dblp ssocial 0.0469608 0.023818
0 926216 1 com-orkut ssocial 231.092 215.314
0 934755 1 com-youtube ssocial 2.79279 2.69548
0 94394 1 com-dblp ssocial 0.0863571 0.0488179
0 94928 1 com-youtube ssocial 9.7241 8.28699
0 983031 1 com-youtube ssocial 3.93741 3.71583
0 9946 1 com-dblp ssocial 0.024287 0.0119839
0 996021 1 com-youtube ssocial 3.51169 3.3563
0 10282106 1 com-friendster ssocial 7521.64 6613.01
0 10389240 1 com-friendster ssocial 2503.63 2310.86
0 10487272 1 com-friendster ssocial 7702.25 6702.23
0 1116973 1 com-friendster ssocial 1287.03 1189.46
0 11288114 1 com-friendster ssocial 820.847 749.539
0 11510915 1 com-friendster ssocial 6079.21 5565.75
0 11643193 1 com-friendster ssocial 1999.26 1844.36
0 11751988 1 com-friendster ssocial 7462.88 6901.32
0 11771514 1 com-friendster ssocial 5722.17 5159.29
0 11926428 1 com-friendster ssocial 6376.19 5715.8
0 12645073 1 com-friendster ssocial 7046.08 6250.03
0 13600459 1 com-friendster ssocial 0.115082 0.016999
0 14391569 1 com-friendster ssocial 5633.58 5101.52
0 14756496 1 com-friendster ssocial 7660.45 6716.80
0 15259891 1 com-friendster ssocial 687.607 631.242
0 15789775 1 com-friendster ssocial 94.5237 82.3913
0 15867153 1 com-friendster ssocial 3274.88 3045.1
0 16251814 1 com-friendster ssocial 4673.96 4298.51
0 16320158 1 com-friendster ssocial 3960.02 3654.08
0 16640036 1 com-friendster ssocial 4202.88 3873.42
0 16667915 1 com-friendster ssocial 6783.33 5996.63
0 2136896 1 com-friendster ssocial 395.632 362.703
0 2202635 1 com-friendster ssocial 7548.19 6537.41
0 2260928 1 com-friendster ssocial 7064.06 6131.38
0 2412584 1 com-friendster ssocial 0.219921 0.0886371
0 2871706 1 com-friendster ssocial 0.762983 0.342517
0 3808166 1 com-friendster ssocial 2.52012 1.73586
0 3862211 1 com-friendster ssocial 3.17411 1.47259
0 4164372 1 com-friendster ssocial 7753.51 6844.96
0 4189771 1 com-friendster ssocial 7341.55 6276.4
0 4238277 1 com-friendster ssocial 7.07801 5.41379
0 4445095 1 com-friendster ssocial 4126.04 3789.72
0 4453292 1 com-friendster ssocial 7429.27 6616.63
0 5224489 1 com-friendster ssocial 5583.79 5068.05
0 5376885 1 com-friendster ssocial 7651.51 6652.11
0 5616714 1 com-friendster ssocial 6680.51 6104.87
0 5658201 1 com-friendster ssocial 7288.75 6454.66
0 6411162 1 com-friendster ssocial 2966.64 2727.3
0 6957613 1 com-friendster ssocial 6600.61 5899.63
0 7066425 1 com-friendster ssocial 3596.01 3315.14
0 7281545 1 com-friendster ssocial 5952.22 5379.37
0 766913 1 com-friendster ssocial 4083.42 3777.81
0 7870863 1 com-friendster ssocial 0.443433 0.243913
0 7904420 1 com-friendster ssocial 3874.08 3568.64
0 7950411 1 com-friendster ssocial 7527.04 7000.9
0 8054749 1 com-friendster ssocial 4347.49 4000.08
0 9112752 1 com-friendster ssocial 7770.60 7049.13
0 9133926 1 com-friendster ssocial 985.626 903.056
0 9486231 1 com-friendster ssocial 1134.81 1047.93
0 9789873 1 com-friendster ssocial 5965.23 5381.6
