0 1002184 1 com-youtube mmappr 10.2947 10.2930
0 100366 1 com-amazon mmappr 2.5990 2.4341
0 1003931 1 com-youtube mmappr 10.3322 10.3308
0 104693 1 com-amazon mmappr 2.7632 2.5478
0 104749 1 com-dblp mmappr 3.0588 3.0224
0 1063505 1 com-youtube mmappr 10.4519 10.4501
0 10707 1 com-amazon mmappr 2.7329 2.5175
0 109328 1 com-amazon mmappr 2.6467 2.4634
0 113102 1 com-amazon mmappr 2.6881 2.4824
0 1132223 1 com-lj mmappr 167.3344 167.0155
0 113897 1 com-amazon mmappr 2.7021 2.5229
0 1150806 1 com-lj mmappr 171.9613 171.5703
0 116104 1 com-amazon mmappr 2.6415 2.4714
0 1167348 1 com-lj mmappr 173.6753 173.2548
0 116809 1 com-amazon mmappr 2.6769 2.4778
0 117272 1 com-orkut mmappr 929.0052 927.1255
0 120218 1 com-youtube mmappr 10.5945 10.5927
0 121124 1 com-youtube mmappr 10.4992 10.4977
0 1217562 1 com-orkut mmappr 924.7455 922.5640
0 122825 1 com-amazon mmappr 2.6844 2.4850
0 123331 1 com-youtube mmappr 10.6198 10.6182
0 1238151 1 com-lj mmappr 175.4118 174.9401
0 125719 1 com-dblp mmappr 2.9611 2.9125
0 126930 1 com-amazon mmappr 2.6843 2.4592
0 12906 1 com-amazon mmappr 2.8026 2.6202
0 129615 1 com-dblp mmappr 2.9609 2.9101
0 1317056 1 com-lj mmappr 171.8284 171.7933
0 1318152 1 com-orkut mmappr 923.8148 921.9831
0 135016 1 com-youtube mmappr 10.4341 10.4304
0 1359670 1 com-orkut mmappr 903.1408 900.8719
0 1364672 1 com-lj mmappr 176.9265 176.2991
0 1384981 1 com-orkut mmappr 912.6190 910.7887
0 139190 1 com-lj mmappr 175.2160 174.8914
0 140441 1 com-amazon mmappr 2.6997 2.5233
0 141088 1 com-amazon mmappr 2.6182 2.4544
0 14145 1 com-dblp mmappr 3.0473 2.9724
0 141929 1 com-amazon mmappr 2.5971 2.4320
0 143348 1 com-dblp mmappr 3.0474 3.0304
0 1474163 1 com-lj mmappr 172.7632 172.4504
0 147838 1 com-dblp mmappr 3.1114 3.0630
0 1486996 1 com-orkut mmappr 921.1996 919.8320
0 151313 1 com-amazon mmappr 2.6921 2.5191
0 1533055 1 com-orkut mmappr 941.7679 939.7076
0 153378 1 com-youtube mmappr 10.5430 10.5412
0 153891 1 com-dblp mmappr 3.0653 3.0129
0 1543819 1 com-lj mmappr 174.2700 173.8918
0 155375 1 com-amazon mmappr 2.8290 2.5920
0 155793 1 com-youtube mmappr 10.3557 10.3538
0 1561504 1 com-orkut mmappr 912.6716 910.4166
0 156363 1 com-lj mmappr 176.3694 176.3344
0 1571870 1 com-orkut mmappr 941.9685 940.0403
0 1594311 1 com-orkut mmappr 917.4705 915.8419
0 159937 1 com-amazon mmappr 2.7135 2.5089
0 1615486 1 com-orkut mmappr 934.9194 933.0449
0 1646451 1 com-lj mmappr 172.6719 172.1592
0 169380 1 com-dblp mmappr 3.1092 3.1084
0 171902 1 com-dblp mmappr 3.0805 3.0270
0 1749645 1 com-lj mmappr 177.0372 176.5241
0 1755501 1 com-lj mmappr 175.8022 175.1386
0 17722 1 com-amazon mmappr 2.7627 2.5537
0 1779235 1 com-orkut mmappr 930.4573 929.0146
0 1782460 1 com-lj mmappr 170.3218 170.2874
0 180111 1 com-youtube mmappr 10.4002 10.3987
0 183578 1 com-amazon mmappr 2.6927 2.5242
0 1836728 1 com-lj mmappr 169.5331 169.2005
0 188276 1 com-dblp mmappr 3.0601 2.9984
0 190674 1 com-dblp mmappr 3.0532 3.0391
0 1919413 1 com-orkut mmappr 927.1153 925.1877
0 192957 1 com-dblp mmappr 2.9626 2.9619
0 1945195 1 com-orkut mmappr 936.5694 934.6253
0 1956014 1 com-lj mmappr 169.3380 169.3028
0 2022968 1 com-orkut mmappr 933.6427 932.2038
0 2042922 1 com-orkut mmappr 937.5076 936.2343
0 205246 1 com-amazon mmappr 2.6496 2.4832
0 206146 1 com-amazon mmappr 2.8291 2.6026
0 206267 1 com-amazon mmappr 2.6512 2.4835
0 206555 1 com-orkut mmappr 925.5621 923.8264
0 2076507 1 com-orkut mmappr 922.9574 921.0642
0 209273 1 com-amazon mmappr 2.6584 2.4868
0 210534 1 com-lj mmappr 173.3248 173.0752
0 212219 1 com-dblp mmappr 3.1503 3.0959
0 2129911 1 com-lj mmappr 175.1143 174.7312
0 2136907 1 com-lj mmappr 174.8932 174.8581
0 216166 1 com-dblp mmappr 3.0712 3.0020
0 216454 1 com-amazon mmappr 2.6328 2.4387
0 216796 1 com-dblp mmappr 3.0522 3.0515
0 21954 1 com-amazon mmappr 2.5644 2.3758
0 2231322 1 com-lj mmappr 175.9237 175.8876
0 225121 1 com-dblp mmappr 3.0442 2.9992
0 2263635 1 com-orkut mmappr 935.7312 934.2899
0 227858 1 com-orkut mmappr 929.3249 927.8063
0 2279858 1 com-lj mmappr 175.0766 175.0404
0 2282878 1 com-lj mmappr 175.4522 175.1401
0 229593 1 com-dblp mmappr 3.0355 3.0086
0 2299360 1 com-lj mmappr 174.0881 173.4627
0 2306146 1 com-orkut mmappr 897.4530 895.5829
0 231535 1 com-dblp mmappr 2.9898 2.9482
0 233139 1 com-amazon mmappr 2.5476 2.3875
0 2334167 1 com-orkut mmappr 930.2862 928.7396
0 2341590 1 com-orkut mmappr 929.3383 926.4506
0 234861 1 com-dblp mmappr 3.0491 2.9872
0 2367615 1 com-lj mmappr 173.0642 173.0289
0 2374350 1 com-orkut mmappr 922.1912 920.6298
0 238436 1 com-dblp mmappr 3.0986 3.0439
0 238638 1 com-amazon mmappr 2.6610 2.4817
0 2414114 1 com-orkut mmappr 902.9755 901.5159
0 241968 1 com-amazon mmappr 2.6949 2.4992
0 2451940 1 com-lj mmappr 176.5373 175.9981
0 2454169 1 com-orkut mmappr 901.7534 900.2584
0 24665 1 com-amazon mmappr 2.7677 2.5861
0 249734 1 com-dblp mmappr 2.9905 2.9628
0 251629 1 com-dblp mmappr 3.0708 3.0436
0 2524144 1 com-orkut mmappr 903.9514 901.4568
0 254628 1 com-amazon mmappr 2.6431 2.4687
0 254841 1 com-dblp mmappr 3.0175 3.0166
0 260475 1 com-amazon mmappr 2.5977 2.4194
0 260507 1 com-dblp mmappr 3.3018 3.2219
0 261293 1 com-dblp mmappr 3.0596 3.0225
0 2621021 1 com-lj mmappr 175.3368 174.8251
0 2622439 1 com-lj mmappr 172.1345 171.5252
0 264211 1 com-amazon mmappr 2.7044 2.5268
0 265873 1 com-amazon mmappr 2.6821 2.5018
0 2665267 1 com-orkut mmappr 934.1724 932.5260
0 2756533 1 com-orkut mmappr 922.5696 921.0989
0 280734 1 com-dblp mmappr 2.9218 2.9210
0 283125 1 com-amazon mmappr 2.6721 2.5008
0 283423 1 com-amazon mmappr 2.6626 2.4848
0 284881 1 com-amazon mmappr 2.7011 2.5118
0 286825 1 com-dblp mmappr 3.1781 3.1292
0 28776 1 com-dblp mmappr 2.9113 2.9103
0 288171 1 com-dblp mmappr 3.0109 2.9665
0 289057 1 com-amazon mmappr 2.6983 2.4741
0 2892862 1 com-orkut mmappr 928.0815 926.4404
0 2896808 1 com-orkut mmappr 931.9201 930.3607
0 292395 1 com-orkut mmappr 912.8601 911.1368
0 2959780 1 com-orkut mmappr 919.5398 919.3922
0 2961054 1 com-orkut mmappr 908.0535 906.2790
0 297467 1 com-dblp mmappr 2.9457 2.9137
0 2988733 1 com-orkut mmappr 919.9573 918.0674
0 299509 1 com-dblp mmappr 2.9680 2.9136
0 2999518 1 com-lj mmappr 176.6618 176.6266
0 3005197 1 com-orkut mmappr 919.8986 918.2388
0 3038417 1 com-orkut mmappr 898.8407 896.9167
0 3049538 1 com-orkut mmappr 934.9522 933.4208
0 305109 1 com-dblp mmappr 3.0014 3.0006
0 310190 1 com-amazon mmappr 2.7260 2.5517
0 311288 1 com-dblp mmappr 3.0000 2.9419
0 3124699 1 com-lj mmappr 174.8507 174.3720
0 318698 1 com-amazon mmappr 2.6925 2.4813
0 3198801 1 com-lj mmappr 173.0307 172.5312
0 3337480 1 com-lj mmappr 168.5402 168.5055
0 33435 1 com-amazon mmappr 2.6980 2.5111
0 3367834 1 com-lj mmappr 174.3358 174.3007
0 3401393 1 com-lj mmappr 177.2012 177.1662
0 3417393 1 com-lj mmappr 172.4665 172.4311
0 34550 1 com-youtube mmappr 10.5671 10.5640
0 3508751 1 com-lj mmappr 169.1640 169.1291
0 350894 1 com-youtube mmappr 10.3156 10.3143
0 351822 1 com-youtube mmappr 10.5735 10.5720
0 3543676 1 com-lj mmappr 173.1978 173.1631
0 356905 1 com-youtube mmappr 10.3535 10.3516
0 357 1 com-dblp mmappr 2.9500 2.9492
0 3582461 1 com-lj mmappr 174.6173 174.5822
0 367 1 com-amazon mmappr 2.6901 2.5154
0 3697041 1 com-lj mmappr 173.5650 173.5299
0 3781299 1 com-lj mmappr 171.0871 171.0521
0 379700 1 com-youtube mmappr 10.1429 10.1414
0 380055 1 com-youtube mmappr 10.3779 10.3757
0 381182 1 com-orkut mmappr 928.1951 926.5027
0 40865 1 com-amazon mmappr 2.7222 2.5379
0 413026 1 com-youtube mmappr 10.3052 10.2697
0 4199 1 com-dblp mmappr 2.9618 2.9610
0 424785 1 com-youtube mmappr 10.3496 10.3477
0 427132 1 com-youtube mmappr 10.3177 10.3157
0 432794 1 com-orkut mmappr 902.5504 901.0109
0 438748 1 com-youtube mmappr 10.4317 10.4247
0 446481 1 com-youtube mmappr 10.2815 10.2797
0 458639 1 com-lj mmappr 167.5965 167.1919
0 459072 1 com-orkut mmappr 939.1869 937.8416
0 46387 1 com-orkut mmappr 937.1048 935.3494
0 476085 1 com-orkut mmappr 915.2105 913.6657
0 483355 1 com-lj mmappr 175.1881 174.7642
0 483377 1 com-youtube mmappr 10.4641 10.4623
0 484029 1 com-lj mmappr 176.7844 176.4083
0 48691 1 com-dblp mmappr 3.0105 2.9537
0 490209 1 com-youtube mmappr 10.4543 10.4524
0 512760 1 com-youtube mmappr 10.3531 10.3513
0 525771 1 com-youtube mmappr 10.6953 10.6933
0 525862 1 com-youtube mmappr 10.2991 10.2976
0 52787 1 com-amazon mmappr 2.7035 2.5317
0 534269 1 com-orkut mmappr 926.4677 926.3198
0 539417 1 com-orkut mmappr 929.6541 927.5545
0 549362 1 com-youtube mmappr 10.3753 10.3736
0 55363 1 com-youtube mmappr 10.6781 10.6766
0 55571 1 com-amazon mmappr 2.8213 2.6065
0 586984 1 com-youtube mmappr 10.5515 10.5433
0 615599 1 com-orkut mmappr 925.8794 924.2023
0 61984 1 com-amazon mmappr 2.6611 2.4869
0 621921 1 com-youtube mmappr 10.5018 10.5001
0 62704 1 com-youtube mmappr 10.4471 10.4434
0 63105 1 com-amazon mmappr 2.7147 2.5350
0 633205 1 com-youtube mmappr 10.1582 10.1568
0 634750 1 com-youtube mmappr 10.4394 10.4376
0 65045 1 com-dblp mmappr 3.1012 3.0455
0 652199 1 com-youtube mmappr 10.4780 10.4766
0 669294 1 com-lj mmappr 170.2040 169.8942
0 679893 1 com-youtube mmappr 10.4788 10.4772
0 68046 1 com-dblp mmappr 3.0137 3.0129
0 68801 1 com-dblp mmappr 3.0114 2.9133
0 693784 1 com-youtube mmappr 10.9653 10.9639
0 693992 1 com-youtube mmappr 10.4150 10.4132
0 69545 1 com-dblp mmappr 2.9539 2.9236
0 696406 1 com-youtube mmappr 10.6392 10.6375
0 69660 1 com-dblp mmappr 3.0331 2.9948
0 69702 1 com-dblp mmappr 3.0661 3.0160
0 708330 1 com-lj mmappr 174.4576 173.6979
0 710522 1 com-orkut mmappr 923.8816 922.2170
0 71276 1 com-amazon mmappr 2.6852 2.5044
0 72056 1 com-dblp mmappr 3.0308 3.0300
0 725530 1 com-lj mmappr 176.4575 175.8797
0 72875 1 com-youtube mmappr 10.5049 10.5029
0 732266 1 com-youtube mmappr 10.0335 10.0322
0 739858 1 com-youtube mmappr 10.2616 10.2602
0 75437 1 com-dblp mmappr 3.0232 2.9974
0 758453 1 com-orkut mmappr 917.4695 915.8291
0 764884 1 com-lj mmappr 174.7409 174.2886
0 76800 1 com-dblp mmappr 3.0488 2.9772
0 778717 1 com-lj mmappr 173.7401 173.3075
0 786806 1 com-youtube mmappr 10.2367 10.2350
0 79002 1 com-dblp mmappr 3.0281 2.9914
0 793194 1 com-youtube mmappr 10.3771 10.3753
0 800049 1 com-youtube mmappr 10.6707 10.6685
0 81047 1 com-dblp mmappr 3.0571 3.0103
0 81112 1 com-amazon mmappr 2.5948 2.3958
0 814692 1 com-orkut mmappr 919.0768 917.4835
0 816490 1 com-lj mmappr 180.2187 179.7177
0 83000 1 com-amazon mmappr 2.6502 2.4714
0 85947 1 com-amazon mmappr 2.6659 2.4956
0 862356 1 com-orkut mmappr 927.0110 924.8831
0 878296 1 com-youtube mmappr 10.3972 10.3952
0 881161 1 com-lj mmappr 176.9413 176.3044
0 894711 1 com-youtube mmappr 10.3783 10.3765
0 914673 1 com-lj mmappr 174.3653 174.0163
0 92139 1 com-orkut mmappr 924.4858 923.2491
0 92483 1 com-dblp mmappr 3.0977 3.0415
0 926216 1 com-orkut mmappr 935.9995 934.2452
0 934755 1 com-youtube mmappr 10.5670 10.5651
0 94394 1 com-dblp mmappr 3.0451 3.0118
0 94928 1 com-youtube mmappr 10.6615 10.6562
0 983031 1 com-youtube mmappr 10.4080 10.4062
0 9946 1 com-dblp mmappr 3.0582 3.0028
0 996021 1 com-youtube mmappr 10.4049 10.4030
0 10282106 1 com-friendster mmappr 16571.9590 16569.4545
0 10389240 1 com-friendster mmappr 16551.8334 16551.6691
0 10487272 1 com-friendster mmappr 16549.2972 16547.1549
0 1116973 1 com-friendster mmappr 16558.3492 16555.7048
0 11288114 1 com-friendster mmappr 16552.1221 16551.9569
0 11510915 1 com-friendster mmappr 16553.1985 16550.4785
0 11643193 1 com-friendster mmappr 16565.8570 16563.2754
0 11751988 1 com-friendster mmappr 16576.0721 16574.3590
0 11771514 1 com-friendster mmappr 16567.2626 16564.4881
0 11926428 1 com-friendster mmappr 16544.4532 16542.3490
0 12645073 1 com-friendster mmappr 16527.0572 16525.6789
0 13600459 1 com-friendster mmappr 16579.0364 16578.8721
0 14391569 1 com-friendster mmappr 16555.5388 16553.0228
0 14756496 1 com-friendster mmappr 16605.6616 16603.2818
0 15259891 1 com-friendster mmappr 16579.1441 16578.9797
0 15789775 1 com-friendster mmappr 16563.6312 16563.4670
0 15867153 1 com-friendster mmappr 16605.2183 16603.2120
0 16251814 1 com-friendster mmappr 16539.5182 16537.2167
0 16320158 1 com-friendster mmappr 16562.1887 16559.8192
0 16640036 1 com-friendster mmappr 16558.0554 16555.8943
0 16667915 1 com-friendster mmappr 16547.4929 16545.2246
0 2136896 1 com-friendster mmappr 16534.6456 16534.4806
0 2202635 1 com-friendster mmappr 16549.7856 16547.4350
0 2260928 1 com-friendster mmappr 16615.9405 16614.0266
0 2412584 1 com-friendster mmappr 16566.1167 16565.9520
0 2871706 1 com-friendster mmappr 16590.5840 16590.4196
0 3808166 1 com-friendster mmappr 16577.6105 16573.8577
0 3862211 1 com-friendster mmappr 16596.1429 16595.9786
0 4164372 1 com-friendster mmappr 16598.0416 16596.1578
0 4189771 1 com-friendster mmappr 16572.0174 16569.9516
0 4238277 1 com-friendster mmappr 16550.1819 16550.0173
0 4445095 1 com-friendster mmappr 16566.3303 16564.0266
0 4453292 1 com-friendster mmappr 16545.0550 16542.7572
0 5224489 1 com-friendster mmappr 16583.7119 16582.0167
0 5376885 1 com-friendster mmappr 16565.1687 16563.0774
0 5616714 1 com-friendster mmappr 16555.1973 16553.8323
0 5658201 1 com-friendster mmappr 16579.1264 16576.4622
0 6411162 1 com-friendster mmappr 16563.6830 16561.0812
0 6957613 1 com-friendster mmappr 16547.3947 16545.1799
0 7066425 1 com-friendster mmappr 16545.5924 16542.6303
0 7281545 1 com-friendster mmappr 16545.9002 16544.0296
0 766913 1 com-friendster mmappr 16550.0476 16548.2861
0 7870863 1 com-friendster mmappr 16583.7140 16583.5496
0 7904420 1 com-friendster mmappr 16543.6072 16543.4424
0 7950411 1 com-friendster mmappr 16554.5846 16552.2158
0 8054749 1 com-friendster mmappr 16596.9083 16594.8834
0 9112752 1 com-friendster mmappr 16592.6850 16590.5939
0 9133926 1 com-friendster mmappr 16553.2856 16553.1212
0 9486231 1 com-friendster mmappr 16549.5367 16547.2906
0 9789873 1 com-friendster mmappr 16614.8609 16612.4574
