0 100060 1 com-youtube mappr 9.8840 9.8798
0 10052 1 com-dblp mappr 2.8594 2.8174
0 100757 1 com-youtube mappr 9.8851 9.8826
0 100774 1 com-youtube mappr 9.8529 9.8456
0 101957 1 com-youtube mappr 9.7066 9.7033
0 10206636 1 com-friendster mappr 16468.0144 16466.9311
0 102087 1 com-dblp mappr 2.8552 2.8363
0 10263675 1 com-friendster mappr 16440.5602 16437.7345
0 1032376 1 com-orkut mappr 878.6012 876.9054
0 1033261 1 com-orkut mappr 879.3694 877.7542
0 103434 1 com-dblp mappr 2.8659 2.8228
0 103849 1 com-youtube mappr 9.7401 9.7356
0 103951 1 com-dblp mappr 2.8876 2.8501
0 1042876 1 com-orkut mappr 880.2245 878.5736
0 1043520 1 com-friendster mappr 16468.5580 16465.9880
0 10472 1 com-dblp mappr 2.8534 2.8139
0 105293 1 com-dblp mappr 2.8549 2.8083
0 10553228 1 com-friendster mappr 16437.8794 16435.5516
0 105553 1 com-youtube mappr 9.8320 9.8262
0 105583 1 com-orkut mappr 881.7611 880.2773
0 105641 1 com-dblp mappr 2.8721 2.8499
0 1057625 1 com-lj mappr 163.6421 163.3810
0 1069052 1 com-orkut mappr 881.4068 877.4236
0 1075127 1 com-orkut mappr 879.5102 877.9974
0 1077419 1 com-orkut mappr 878.9370 877.3031
0 108003 1 com-amazon mappr 2.5207 2.3462
0 108057 1 com-dblp mappr 2.9206 2.8704
0 108159 1 com-youtube mappr 9.7822 9.7785
0 1081754 1 com-lj mappr 163.7241 163.4644
0 108701 1 com-dblp mappr 2.9510 2.8552
0 109284 1 com-amazon mappr 2.5401 2.3292
0 10979906 1 com-friendster mappr 16431.9115 16429.3611
0 110185 1 com-dblp mappr 2.8782 2.8299
0 110841 1 com-amazon mappr 2.5782 2.3798
0 1110082 1 com-orkut mappr 878.8404 877.3438
0 111117 1 com-amazon mappr 2.4979 2.3116
0 11145275 1 com-friendster mappr 16427.2299 16424.7541
0 11250585 1 com-friendster mappr 16422.9063 16420.7588
0 11333685 1 com-friendster mappr 16421.2002 16418.9433
0 1140309 1 com-friendster mappr 16437.0188 16434.8961
0 114223 1 com-amazon mappr 2.5545 2.3752
0 1144379 1 com-orkut mappr 882.4684 880.4943
0 114662 1 com-amazon mappr 2.4999 2.3050
0 1153620 1 com-lj mappr 163.7513 163.2352
0 1173604 1 com-lj mappr 163.8146 163.3642
0 1178648 1 com-lj mappr 163.9854 163.6444
0 11900395 1 com-friendster mappr 16425.7999 16422.9174
0 1191163 1 com-orkut mappr 876.0641 874.0304
0 119307 1 com-lj mappr 164.5633 164.2852
0 11934658 1 com-friendster mappr 16424.7503 16422.2664
0 119492 1 com-dblp mappr 2.8622 2.8147
0 12023213 1 com-friendster mappr 16425.9481 16422.6884
0 1207222 1 com-lj mappr 163.4684 163.1990
0 12075057 1 com-friendster mappr 16436.9466 16434.1843
0 12120949 1 com-friendster mappr 16417.2049 16414.7079
0 121290 1 com-dblp mappr 2.8258 2.8141
0 121406 1 com-dblp mappr 2.9029 2.8602
0 1214102 1 com-orkut mappr 877.8428 875.9163
0 12177115 1 com-friendster mappr 16422.8822 16421.6591
0 121877 1 com-amazon mappr 2.5124 2.3424
0 1221298 1 com-lj mappr 165.0527 164.8010
0 12263 1 com-amazon mappr 2.4980 2.3222
0 122933 1 com-lj mappr 164.4044 163.9297
0 1230245 1 com-orkut mappr 879.7328 878.5118
0 1234947 1 com-lj mappr 163.0907 162.7488
0 124716 1 com-dblp mappr 2.8643 2.8517
0 12498789 1 com-friendster mappr 16429.3583 16426.9734
0 12508717 1 com-friendster mappr 16423.4813 16420.9149
0 12568358 1 com-friendster mappr 16476.3719 16474.4614
0 125819 1 com-orkut mappr 880.8286 879.4828
0 12582806 1 com-friendster mappr 16427.9401 16424.5992
0 127551 1 com-dblp mappr 2.8940 2.8626
0 12848488 1 com-friendster mappr 16428.9238 16426.8759
0 1292625 1 com-friendster mappr 16423.6058 16421.6566
0 12947 1 com-youtube mappr 9.8069 9.8013
0 13026640 1 com-friendster mappr 16428.6509 16426.5633
0 13033696 1 com-friendster mappr 16430.6369 16428.0468
0 1307008 1 com-orkut mappr 882.8044 881.0170
0 1309023 1 com-orkut mappr 881.6993 879.5588
0 131249 1 com-amazon mappr 2.4731 2.3053
0 1312793 1 com-orkut mappr 881.5263 880.0957
0 131696 1 com-youtube mappr 9.7792 9.7756
0 1317338 1 com-orkut mappr 880.4649 879.0099
0 131749 1 com-amazon mappr 2.5008 2.3118
0 131900 1 com-amazon mappr 2.5183 2.3502
0 131972 1 com-amazon mappr 2.5583 2.3616
0 132200 1 com-dblp mappr 2.8610 2.8260
0 132215 1 com-dblp mappr 2.8387 2.8051
0 132325 1 com-amazon mappr 2.5121 2.3422
0 132327 1 com-dblp mappr 2.8884 2.8549
0 133054 1 com-youtube mappr 9.8269 9.8228
0 133658 1 com-dblp mappr 2.8865 2.8388
0 13551079 1 com-friendster mappr 16419.1702 16416.3811
0 1355119 1 com-lj mappr 163.8994 163.4752
0 136462 1 com-amazon mappr 2.5326 2.3485
0 1365448 1 com-lj mappr 164.0369 163.4702
0 1373302 1 com-orkut mappr 880.3123 878.4336
0 1375971 1 com-lj mappr 163.8213 163.4109
0 1378 1 com-amazon mappr 2.5307 2.3443
0 13839473 1 com-friendster mappr 16432.8844 16430.3676
0 13894280 1 com-friendster mappr 16428.6877 16426.1948
0 140286 1 com-dblp mappr 2.8609 2.8107
0 1405831 1 com-lj mappr 164.1700 163.6462
0 140656 1 com-dblp mappr 2.9142 2.8671
0 14071032 1 com-friendster mappr 16429.1347 16427.7483
0 1407404 1 com-lj mappr 163.9593 163.4434
0 140781 1 com-amazon mappr 2.5071 2.3224
0 140791 1 com-youtube mappr 9.8151 9.8114
0 1408036 1 com-orkut mappr 878.6925 876.7784
0 14108 1 com-amazon mappr 2.4615 2.2838
0 14194 1 com-orkut mappr 878.6582 877.2435
0 14231944 1 com-friendster mappr 16422.5508 16420.0627
0 14293198 1 com-friendster mappr 16472.5426 16470.4696
0 142955 1 com-dblp mappr 2.8460 2.8064
0 143445 1 com-youtube mappr 9.8117 9.8080
0 143741 1 com-dblp mappr 2.8993 2.8541
0 14378731 1 com-friendster mappr 16446.9887 16444.3140
0 143844 1 com-amazon mappr 2.5000 2.3308
0 1448401 1 com-orkut mappr 878.9214 877.3357
0 14735951 1 com-friendster mappr 16433.8460 16431.4129
0 14743001 1 com-friendster mappr 16464.1830 16461.7159
0 1475723 1 com-lj mappr 164.6227 164.3279
0 14784 1 com-dblp mappr 2.8370 2.7973
0 1482656 1 com-orkut mappr 877.7588 876.5805
0 1484117 1 com-orkut mappr 882.3138 880.6976
0 148632 1 com-dblp mappr 2.8590 2.8154
0 14872504 1 com-friendster mappr 16421.1411 16418.5022
0 14891522 1 com-friendster mappr 16430.9328 16428.7974
0 14903622 1 com-friendster mappr 16422.6084 16419.9665
0 15012151 1 com-friendster mappr 16447.9461 16445.8077
0 15055826 1 com-friendster mappr 16431.8955 16428.9811
0 15101599 1 com-friendster mappr 16429.6591 16427.4240
0 15105780 1 com-friendster mappr 16420.1819 16418.2880
0 15131587 1 com-friendster mappr 16433.2837 16430.6598
0 15167271 1 com-friendster mappr 16435.5753 16432.7801
0 152787 1 com-amazon mappr 2.4982 2.3187
0 1529157 1 com-lj mappr 164.5687 164.0350
0 1530077 1 com-friendster mappr 16432.7346 16429.9674
0 1533187 1 com-orkut mappr 881.0063 878.9862
0 15353668 1 com-friendster mappr 16435.2950 16432.4390
0 153788 1 com-dblp mappr 2.9251 2.8776
0 15419018 1 com-friendster mappr 16466.9066 16464.4348
0 1542220 1 com-lj mappr 164.0716 163.6000
0 154407 1 com-youtube mappr 9.7384 9.7360
0 155086 1 com-youtube mappr 9.9082 9.9052
0 15535 1 com-amazon mappr 2.5642 2.3618
0 155478 1 com-youtube mappr 9.8842 9.8820
0 15574 1 com-lj mappr 163.7366 163.4901
0 157396 1 com-dblp mappr 2.8735 2.8276
0 15785408 1 com-friendster mappr 16438.1473 16435.8664
0 1581269 1 com-orkut mappr 881.5770 879.5282
0 1583795 1 com-orkut mappr 882.0619 879.6016
0 161461 1 com-amazon mappr 2.5266 2.3290
0 1614626 1 com-orkut mappr 879.2092 877.2001
0 16231 1 com-orkut mappr 877.6298 876.1573
0 1629193 1 com-orkut mappr 878.8639 877.1547
0 16317292 1 com-friendster mappr 16434.3063 16431.5268
0 1633494 1 com-lj mappr 163.7851 163.3058
0 163399 1 com-youtube mappr 9.7694 9.7655
0 163459 1 com-orkut mappr 880.1536 878.6922
0 163627 1 com-amazon mappr 2.5336 2.3642
0 16396231 1 com-friendster mappr 16434.7743 16432.1677
0 164251 1 com-dblp mappr 2.8857 2.8434
0 1664702 1 com-orkut mappr 881.3596 880.2065
0 1668788 1 com-lj mappr 164.8382 164.3978
0 166927 1 com-dblp mappr 2.8722 2.8142
0 167157 1 com-amazon mappr 2.5188 2.3222
0 167577 1 com-dblp mappr 2.8545 2.8035
0 1685016 1 com-orkut mappr 881.6644 880.3011
0 1701108 1 com-orkut mappr 883.7311 881.7246
0 170327 1 com-amazon mappr 2.4978 2.3287
0 171859 1 com-youtube mappr 9.9028 9.8959
0 1721544 1 com-lj mappr 164.1068 163.5929
0 173042 1 com-lj mappr 164.4343 163.7981
0 173493 1 com-amazon mappr 2.4977 2.3204
0 174030 1 com-amazon mappr 2.5053 2.3040
0 174371 1 com-dblp mappr 2.8937 2.8429
0 1760269 1 com-orkut mappr 881.0365 878.2276
0 176853 1 com-amazon mappr 2.5588 2.3775
0 1774660 1 com-lj mappr 164.6449 164.1773
0 179012 1 com-dblp mappr 2.8841 2.8383
0 180367 1 com-dblp mappr 2.8601 2.8521
0 181291 1 com-amazon mappr 2.5040 2.3161
0 182183 1 com-dblp mappr 2.9090 2.8463
0 182898 1 com-amazon mappr 2.4774 2.3024
0 182986 1 com-amazon mappr 2.5269 2.3456
0 1835534 1 com-orkut mappr 880.2025 879.0351
0 1844177 1 com-orkut mappr 878.1348 876.4450
0 1844331 1 com-lj mappr 163.1916 162.8330
0 1873202 1 com-lj mappr 164.1055 163.6074
0 1877026 1 com-lj mappr 163.0678 162.6543
0 1887809 1 com-lj mappr 164.8890 164.4238
0 1901766 1 com-orkut mappr 882.9166 881.7723
0 190672 1 com-dblp mappr 2.8747 2.8606
0 1910787 1 com-lj mappr 164.2536 163.8666
0 19137 1 com-amazon mappr 2.5238 2.3500
0 191861 1 com-amazon mappr 2.4872 2.2801
0 191954 1 com-dblp mappr 2.8795 2.8459
0 1919806 1 com-lj mappr 163.6995 163.2437
0 193324 1 com-amazon mappr 2.5187 2.3513
0 193408 1 com-amazon mappr 2.5385 2.3525
0 193644 1 com-youtube mappr 9.7865 9.7827
0 194107 1 com-dblp mappr 2.9041 2.8598
0 194136 1 com-youtube mappr 9.7688 9.7639
0 195701 1 com-youtube mappr 9.8068 9.7990
0 1960241 1 com-lj mappr 164.3083 163.8688
0 196084 1 com-amazon mappr 2.5485 2.3775
0 196199 1 com-amazon mappr 2.4988 2.3317
0 196692 1 com-amazon mappr 2.5670 2.3588
0 197005 1 com-amazon mappr 2.5384 2.3475
0 197900 1 com-dblp mappr 2.8661 2.8476
0 19824 1 com-amazon mappr 2.4895 2.3221
0 199039 1 com-dblp mappr 2.9151 2.8735
0 1996286 1 com-lj mappr 163.9067 163.5087
0 200873 1 com-dblp mappr 2.8840 2.8389
0 201719 1 com-youtube mappr 9.7781 9.7730
0 2039666 1 com-lj mappr 164.0379 163.5803
0 204577 1 com-dblp mappr 2.8664 2.8075
0 204811 1 com-youtube mappr 9.8432 9.8300
0 2049796 1 com-lj mappr 163.9868 163.4191
0 205839 1 com-dblp mappr 2.9066 2.8564
0 20668 1 com-youtube mappr 9.8540 9.8518
0 20722 1 com-amazon mappr 2.5284 2.3560
0 207950 1 com-amazon mappr 2.5338 2.3558
0 2081096 1 com-lj mappr 164.5004 164.0628
0 209879 1 com-youtube mappr 9.7488 9.7429
0 2101889 1 com-orkut mappr 880.6681 878.8110
0 2120995 1 com-orkut mappr 880.7779 878.3246
0 212143 1 com-amazon mappr 2.5445 2.3286
0 212883 1 com-amazon mappr 2.4926 2.3249
0 2133817 1 com-orkut mappr 884.7458 880.9376
0 218793 1 com-lj mappr 164.0250 163.7838
0 2210438 1 com-orkut mappr 881.0252 879.3205
0 22111 1 com-dblp mappr 2.9004 2.8635
0 2214716 1 com-orkut mappr 880.0869 878.3277
0 222512 1 com-amazon mappr 2.5261 2.3324
0 223388 1 com-amazon mappr 2.5103 2.3241
0 2239017 1 com-orkut mappr 879.5958 877.5148
0 224752 1 com-amazon mappr 2.5017 2.3314
0 22528 1 com-amazon mappr 2.4610 2.2985
0 225703 1 com-orkut mappr 877.9607 876.4020
0 228066 1 com-youtube mappr 9.7449 9.7434
0 2281473 1 com-orkut mappr 879.7928 878.0081
0 229445 1 com-dblp mappr 2.8811 2.8385
0 2304617 1 com-lj mappr 163.7396 163.2045
0 2314668 1 com-orkut mappr 881.0595 879.4300
0 2329102 1 com-orkut mappr 879.5456 877.4061
0 2330807 1 com-lj mappr 163.4173 162.8987
0 2334265 1 com-lj mappr 163.8521 163.3640
0 234181 1 com-dblp mappr 2.9383 2.8851
0 23517 1 com-amazon mappr 2.4705 2.3063
0 236247 1 com-lj mappr 163.4268 163.1541
0 23682 1 com-amazon mappr 2.5150 2.3420
0 2379461 1 com-friendster mappr 16424.3143 16422.7836
0 2391509 1 com-orkut mappr 877.9422 876.5585
0 2406520 1 com-lj mappr 163.7485 163.2649
0 2412822 1 com-orkut mappr 878.9451 877.1015
0 242012 1 com-dblp mappr 2.9028 2.8604
0 2432839 1 com-lj mappr 163.7340 163.3625
0 245 1 com-amazon mappr 2.4986 2.3218
0 247114 1 com-amazon mappr 2.5004 2.3324
0 247591 1 com-amazon mappr 2.5212 2.3517
0 2475997 1 com-orkut mappr 881.9080 880.0525
0 248014 1 com-youtube mappr 9.7277 9.7216
0 248264 1 com-amazon mappr 2.5324 2.3619
0 248425 1 com-amazon mappr 2.5407 2.3703
0 2485224 1 com-lj mappr 164.0335 163.5564
0 2486425 1 com-orkut mappr 880.1638 878.6303
0 248897 1 com-dblp mappr 2.8569 2.8083
0 248921 1 com-amazon mappr 2.5119 2.3269
0 250873 1 com-dblp mappr 2.8743 2.8227
0 250988 1 com-orkut mappr 879.1773 877.6866
0 252281 1 com-dblp mappr 2.8755 2.8424
0 25243 1 com-dblp mappr 2.8797 2.8450
0 254971 1 com-amazon mappr 2.5453 2.3611
0 2558707 1 com-orkut mappr 879.4977 877.5984
0 2565668 1 com-orkut mappr 883.4170 881.5661
0 2566137 1 com-lj mappr 163.6948 163.4584
0 257163 1 com-dblp mappr 2.8537 2.7983
0 2576191 1 com-lj mappr 164.1473 163.7485
0 257836 1 com-amazon mappr 2.5094 2.3194
0 258047 1 com-youtube mappr 9.7806 9.7755
0 2593249 1 com-lj mappr 164.5058 164.0441
0 261259 1 com-dblp mappr 2.8969 2.8507
0 2616261 1 com-lj mappr 164.0282 163.5330
0 263037 1 com-youtube mappr 9.8785 9.8733
0 263573 1 com-lj mappr 164.0630 163.8089
0 2644930 1 com-lj mappr 163.6786 163.2559
0 265858 1 com-youtube mappr 9.9056 9.9013
0 265977 1 com-dblp mappr 2.8149 2.7915
0 266667 1 com-amazon mappr 2.5202 2.3270
0 266798 1 com-amazon mappr 2.5231 2.3387
0 267355 1 com-lj mappr 163.7022 163.1396
0 2673710 1 com-lj mappr 163.7318 163.1277
0 268552 1 com-lj mappr 165.0106 164.5846
0 2688872 1 com-orkut mappr 881.6474 879.7782
0 2696467 1 com-orkut mappr 883.7167 881.8372
0 269890 1 com-amazon mappr 2.5439 2.3523
0 270630 1 com-amazon mappr 2.5429 2.3509
0 2717768 1 com-lj mappr 164.4411 163.9550
0 272502 1 com-amazon mappr 2.5446 2.3466
0 273204 1 com-dblp mappr 2.8376 2.8102
0 2732059 1 com-orkut mappr 880.0891 878.4170
0 2748921 1 com-lj mappr 164.5839 164.0292
0 275562 1 com-dblp mappr 2.8613 2.8197
0 2762108 1 com-lj mappr 163.2953 162.9290
0 277140 1 com-amazon mappr 2.5271 2.3452
0 2777695 1 com-lj mappr 163.7423 163.2516
0 277894 1 com-dblp mappr 2.8750 2.8400
0 278727 1 com-lj mappr 164.0907 163.5824
0 2792949 1 com-lj mappr 164.9670 164.5124
0 2794568 1 com-lj mappr 164.3742 163.9128
0 2833444 1 com-lj mappr 164.1215 163.6817
0 2844400 1 com-friendster mappr 16470.7924 16468.4100
0 28525 1 com-dblp mappr 2.8496 2.8039
0 28569 1 com-amazon mappr 2.5182 2.3496
0 28656 1 com-amazon mappr 2.4849 2.3032
0 287864 1 com-dblp mappr 2.9072 2.8595
0 28810 1 com-dblp mappr 2.9164 2.8706
0 288291 1 com-amazon mappr 2.5658 2.3626
0 28863 1 com-dblp mappr 2.8713 2.8383
0 289643 1 com-amazon mappr 2.5093 2.3208
0 289722 1 com-dblp mappr 2.8610 2.8089
0 2906175 1 com-lj mappr 164.9599 164.4997
0 290968 1 com-amazon mappr 2.5414 2.3543
0 2915 1 com-dblp mappr 2.8710 2.8218
0 292438 1 com-dblp mappr 2.8862 2.8383
0 293333 1 com-amazon mappr 2.5184 2.3458
0 294094 1 com-amazon mappr 2.5329 2.3350
0 29422 1 com-dblp mappr 2.8948 2.8500
0 294744 1 com-dblp mappr 2.8732 2.8238
0 2949961 1 com-orkut mappr 882.1191 880.4705
0 295453 1 com-lj mappr 163.2723 163.0219
0 2959453 1 com-lj mappr 164.4612 163.9692
0 2963771 1 com-friendster mappr 16484.3196 16482.2578
0 296454 1 com-amazon mappr 2.5799 2.3891
0 297925 1 com-youtube mappr 9.7485 9.7449
0 299445 1 com-youtube mappr 9.6683 9.6662
0 299665 1 com-dblp mappr 2.8544 2.7950
0 300114 1 com-dblp mappr 2.8894 2.8243
0 301870 1 com-dblp mappr 2.8781 2.8424
0 305637 1 com-dblp mappr 2.8867 2.8185
0 307418 1 com-amazon mappr 2.5276 2.3580
0 309891 1 com-youtube mappr 9.8213 9.8199
0 3099530 1 com-lj mappr 163.6351 163.2344
0 310129 1 com-amazon mappr 2.5469 2.3574
0 310482 1 com-lj mappr 163.5871 163.0167
0 311015 1 com-dblp mappr 2.9297 2.8551
0 31138 1 com-dblp mappr 2.8603 2.8095
0 31145 1 com-amazon mappr 2.5215 2.3451
0 3115559 1 com-lj mappr 163.9675 163.3959
0 312848 1 com-dblp mappr 2.8506 2.8248
0 313718 1 com-youtube mappr 9.8357 9.8282
0 3147076 1 com-friendster mappr 16471.4244 16469.1541
0 315149 1 com-amazon mappr 2.5121 2.3219
0 315222 1 com-orkut mappr 878.4458 876.8451
0 315621 1 com-amazon mappr 2.5335 2.3598
0 31647 1 com-orkut mappr 882.8622 881.2728
0 320608 1 com-lj mappr 163.8164 163.3554
0 32475 1 com-youtube mappr 9.8129 9.8087
0 3255799 1 com-lj mappr 163.5572 163.1214
0 3264524 1 com-friendster mappr 16428.8308 16426.2620
0 3272 1 com-dblp mappr 2.8505 2.8136
0 33024 1 com-orkut mappr 876.8355 875.3444
0 3318539 1 com-friendster mappr 16425.4543 16422.7554
0 335315 1 com-youtube mappr 9.7359 9.7326
0 3375155 1 com-friendster mappr 16418.6787 16415.9265
0 33768 1 com-dblp mappr 2.8677 2.8238
0 339840 1 com-youtube mappr 9.8356 9.8288
0 340981 1 com-lj mappr 164.3690 163.8994
0 34212 1 com-dblp mappr 2.8398 2.7962
0 34678 1 com-youtube mappr 9.7450 9.7414
0 3488 1 com-dblp mappr 2.9070 2.8573
0 3511743 1 com-friendster mappr 16423.0818 16421.0149
0 356438 1 com-orkut mappr 881.1735 879.6307
0 356915 1 com-lj mappr 164.6048 164.1050
0 3598568 1 com-lj mappr 164.0053 163.8010
0 3601397 1 com-friendster mappr 16437.8776 16434.6609
0 3607090 1 com-lj mappr 164.3773 164.0306
0 366932 1 com-youtube mappr 9.7117 9.7068
0 36736 1 com-dblp mappr 2.9017 2.8651
0 370318 1 com-orkut mappr 880.5692 878.6800
0 370402 1 com-youtube mappr 9.8736 9.8701
0 37248 1 com-dblp mappr 2.8550 2.8083
0 376130 1 com-orkut mappr 877.5389 875.8733
0 377396 1 com-lj mappr 164.1529 163.7106
0 380484 1 com-youtube mappr 9.7728 9.7674
0 386280 1 com-orkut mappr 878.0719 876.5940
0 38629 1 com-amazon mappr 2.5689 2.3607
0 38702 1 com-dblp mappr 2.9047 2.8547
0 3909182 1 com-lj mappr 163.7671 163.5683
0 394325 1 com-youtube mappr 9.8070 9.8055
0 3962320 1 com-friendster mappr 16434.6810 16431.9475
0 401098 1 com-youtube mappr 9.7881 9.7866
0 4011433 1 com-friendster mappr 16428.6841 16426.2705
0 4049 1 com-youtube mappr 9.7793 9.7775
0 4099 1 com-amazon mappr 2.4903 2.3001
0 41075 1 com-amazon mappr 2.4803 2.3029
0 41221 1 com-amazon mappr 2.5231 2.3304
0 41351 1 com-dblp mappr 2.9259 2.8604
0 414198 1 com-youtube mappr 9.9099 9.8759
0 41458 1 com-youtube mappr 9.9025 9.8986
0 4184596 1 com-friendster mappr 16426.2200 16423.9979
0 4245419 1 com-friendster mappr 16479.3578 16476.8536
0 43130 1 com-amazon mappr 2.4838 2.3061
0 43346 1 com-amazon mappr 2.5365 2.3561
0 435024 1 com-youtube mappr 9.8348 9.8261
0 44323 1 com-orkut mappr 877.2571 875.6637
0 444023 1 com-orkut mappr 877.6743 876.2382
0 444651 1 com-youtube mappr 9.8620 9.8605
0 445431 1 com-lj mappr 163.7339 163.3155
0 45353 1 com-dblp mappr 2.8983 2.8289
0 457408 1 com-lj mappr 163.9294 163.5918
0 457862 1 com-orkut mappr 877.8494 876.2894
0 458285 1 com-orkut mappr 877.3718 875.6036
0 459861 1 com-orkut mappr 879.2867 877.6989
0 461785 1 com-lj mappr 163.0581 162.7751
0 46217 1 com-amazon mappr 2.4818 2.3055
0 4640254 1 com-friendster mappr 16422.8676 16420.9206
0 46605 1 com-dblp mappr 2.8654 2.8072
0 467764 1 com-lj mappr 164.0236 163.4807
0 47164 1 com-dblp mappr 2.8582 2.8164
0 472406 1 com-orkut mappr 880.4070 878.7915
0 472528 1 com-youtube mappr 9.8593 9.8482
0 47408 1 com-dblp mappr 2.8727 2.8094
0 47661 1 com-amazon mappr 2.5496 2.3653
0 47706 1 com-youtube mappr 9.8320 9.8290
0 478994 1 com-orkut mappr 881.1529 879.6513
0 481680 1 com-youtube mappr 9.7531 9.7507
0 482114 1 com-orkut mappr 881.2262 879.7401
0 4825694 1 com-friendster mappr 16414.9751 16412.0967
0 48378 1 com-dblp mappr 2.9310 2.8769
0 489655 1 com-orkut mappr 877.8724 876.0604
0 494036 1 com-youtube mappr 9.9351 9.9302
0 494609 1 com-lj mappr 163.9307 163.6076
0 495192 1 com-orkut mappr 880.3845 879.2237
0 505516 1 com-youtube mappr 9.8056 9.7921
0 51057 1 com-dblp mappr 2.8605 2.8396
0 512075 1 com-youtube mappr 9.9249 9.9194
0 5140376 1 com-friendster mappr 16420.3991 16417.9570
0 51710 1 com-youtube mappr 9.7550 9.7519
0 52007 1 com-youtube mappr 9.9193 9.9158
0 522389 1 com-youtube mappr 9.8081 9.8032
0 525348 1 com-youtube mappr 9.9425 9.9374
0 527557 1 com-lj mappr 164.4493 163.9778
0 52883 1 com-lj mappr 164.1064 163.6033
0 52936 1 com-lj mappr 163.7379 163.2723
0 537643 1 com-youtube mappr 9.7799 9.7781
0 539083 1 com-youtube mappr 9.8007 9.7940
0 5417461 1 com-friendster mappr 16434.7377 16431.8766
0 542824 1 com-youtube mappr 9.8772 9.8758
0 5451006 1 com-friendster mappr 16430.2471 16427.8620
0 5485115 1 com-friendster mappr 16418.3841 16416.8499
0 55139 1 com-amazon mappr 2.5162 2.3230
0 557154 1 com-orkut mappr 878.3602 876.8755
0 55785 1 com-dblp mappr 2.8540 2.8180
0 55865 1 com-amazon mappr 2.5428 2.3392
0 5588498 1 com-friendster mappr 16438.2413 16435.9056
0 56140 1 com-youtube mappr 9.7221 9.7182
0 57126 1 com-amazon mappr 2.5651 2.3599
0 574981 1 com-orkut mappr 881.6842 879.1383
0 5758901 1 com-friendster mappr 16421.5013 16418.7585
0 576138 1 com-orkut mappr 880.6216 878.5460
0 57746 1 com-dblp mappr 2.8953 2.8526
0 57781 1 com-youtube mappr 9.7951 9.7925
0 580779 1 com-orkut mappr 880.4503 878.5065
0 581621 1 com-youtube mappr 9.8742 9.8718
0 5826 1 com-youtube mappr 9.9112 9.9084
0 5860289 1 com-friendster mappr 16460.7477 16458.1511
0 59115 1 com-dblp mappr 2.8734 2.8322
0 594253 1 com-lj mappr 164.0905 163.4969
0 5959447 1 com-friendster mappr 16434.1169 16430.5899
0 59678 1 com-amazon mappr 2.4894 2.3021
0 601524 1 com-lj mappr 164.0218 163.6128
0 60188 1 com-amazon mappr 2.5451 2.3614
0 605766 1 com-youtube mappr 9.7619 9.7557
0 6094342 1 com-friendster mappr 16431.0357 16428.2327
0 613604 1 com-orkut mappr 878.8774 877.2792
0 617424 1 com-orkut mappr 879.0373 877.5378
0 6184 1 com-youtube mappr 9.8116 9.8069
0 623927 1 com-lj mappr 163.8310 163.3556
0 62466 1 com-dblp mappr 2.8666 2.8183
0 628660 1 com-lj mappr 163.2990 163.0720
0 633944 1 com-friendster mappr 16432.4085 16430.3879
0 635406 1 com-orkut mappr 880.4835 878.9726
0 6367769 1 com-friendster mappr 16429.0672 16426.6032
0 64006 1 com-amazon mappr 2.5775 2.3591
0 6418270 1 com-friendster mappr 16438.6630 16436.4171
0 641850 1 com-youtube mappr 9.8428 9.8385
0 6432491 1 com-friendster mappr 16428.3810 16425.6983
0 6438940 1 com-friendster mappr 16469.3086 16466.4703
0 64565 1 com-amazon mappr 2.5253 2.3087
0 646334 1 com-youtube mappr 9.7785 9.7772
0 659217 1 com-youtube mappr 9.7348 9.7284
0 6641823 1 com-friendster mappr 16436.3011 16433.8247
0 666689 1 com-friendster mappr 16432.2387 16430.6587
0 6740758 1 com-friendster mappr 16423.8852 16421.2540
0 6752146 1 com-friendster mappr 16426.0299 16422.6806
0 67915 1 com-youtube mappr 9.7830 9.7791
0 684120 1 com-orkut mappr 878.7763 877.0473
0 6843405 1 com-friendster mappr 16436.4040 16433.8025
0 687258 1 com-youtube mappr 9.7757 9.7442
0 692943 1 com-orkut mappr 878.3464 876.5962
0 6939293 1 com-friendster mappr 16435.5775 16433.3712
0 694491 1 com-orkut mappr 880.7737 879.3056
0 701741 1 com-youtube mappr 9.6918 9.6904
0 7100355 1 com-friendster mappr 16428.8906 16426.6906
0 7124893 1 com-friendster mappr 16427.9847 16425.1624
0 713592 1 com-youtube mappr 9.9100 9.9056
0 71637 1 com-youtube mappr 9.8236 9.8192
0 71794 1 com-dblp mappr 2.9048 2.8728
0 71837 1 com-amazon mappr 2.4816 2.2886
0 720830 1 com-youtube mappr 9.8523 9.8472
0 721364 1 com-lj mappr 163.3029 162.9380
0 72895 1 com-dblp mappr 2.8938 2.8388
0 730388 1 com-youtube mappr 9.7199 9.7184
0 7308655 1 com-friendster mappr 16426.4769 16423.8632
0 738165 1 com-youtube mappr 9.8126 9.8065
0 739839 1 com-orkut mappr 881.9885 880.1324
0 741279 1 com-lj mappr 164.0520 163.4653
0 74377 1 com-amazon mappr 2.5192 2.3371
0 745035 1 com-orkut mappr 879.3073 877.8695
0 746555 1 com-lj mappr 164.2964 163.8230
0 760538 1 com-lj mappr 164.5948 164.2546
0 761 1 com-dblp mappr 2.9272 2.8664
0 7619172 1 com-friendster mappr 16426.2532 16424.1540
0 762454 1 com-youtube mappr 9.6855 9.6773
0 763011 1 com-lj mappr 164.1602 163.7360
0 7639936 1 com-friendster mappr 16462.3879 16460.1683
0 766831 1 com-lj mappr 163.5110 163.2784
0 76998 1 com-youtube mappr 9.7925 9.7868
0 7744 1 com-dblp mappr 2.8803 2.8276
0 77666 1 com-amazon mappr 2.5243 2.3481
0 780003 1 com-lj mappr 164.0227 163.6302
0 786581 1 com-youtube mappr 9.8736 9.8720
0 787383 1 com-youtube mappr 9.8535 9.8495
0 790515 1 com-lj mappr 163.9492 163.7297
0 79237 1 com-youtube mappr 9.8008 9.7893
0 796645 1 com-youtube mappr 9.6746 9.6730
0 7975 1 com-youtube mappr 9.9106 9.9065
0 803509 1 com-youtube mappr 9.9487 9.9330
0 805267 1 com-orkut mappr 883.3017 881.8537
0 80770 1 com-orkut mappr 876.5993 875.0133
0 810077 1 com-youtube mappr 9.8373 9.8357
0 8122084 1 com-friendster mappr 16427.9222 16425.2668
0 81274 1 com-dblp mappr 2.8955 2.8445
0 8134827 1 com-friendster mappr 16429.7712 16427.2650
0 813696 1 com-youtube mappr 9.8160 9.8145
0 81571 1 com-amazon mappr 2.5478 2.3627
0 81796 1 com-orkut mappr 880.8647 879.3936
0 819461 1 com-youtube mappr 9.7388 9.7374
0 82275 1 com-dblp mappr 2.8229 2.8092
0 823603 1 com-lj mappr 164.3229 163.8993
0 83147 1 com-youtube mappr 9.7960 9.7891
0 83988 1 com-dblp mappr 2.8430 2.7986
0 843042 1 com-lj mappr 164.1871 163.6837
0 851852 1 com-youtube mappr 9.7443 9.7428
0 8530 1 com-amazon mappr 2.5536 2.3439
0 855952 1 com-orkut mappr 884.8645 883.3268
0 866548 1 com-orkut mappr 877.8046 875.9123
0 8670245 1 com-friendster mappr 16428.9021 16427.3735
0 868860 1 com-youtube mappr 9.7734 9.7707
0 8706420 1 com-friendster mappr 16434.8306 16432.3617
0 870890 1 com-orkut mappr 879.6294 878.1287
0 87375 1 com-youtube mappr 9.7811 9.7758
0 876589 1 com-youtube mappr 9.8198 9.8183
0 876878 1 com-youtube mappr 9.7976 9.7960
0 883905 1 com-youtube mappr 9.7013 9.6730
0 884016 1 com-youtube mappr 9.8327 9.8311
0 88995 1 com-dblp mappr 2.8973 2.8551
0 892158 1 com-youtube mappr 9.7369 9.7355
0 895021 1 com-youtube mappr 9.7511 9.7457
0 89757 1 com-lj mappr 163.9912 163.5611
0 910626 1 com-orkut mappr 882.1530 880.0677
0 9203 1 com-amazon mappr 2.5323 2.3567
0 9213453 1 com-friendster mappr 16434.3888 16432.1375
0 923865 1 com-youtube mappr 9.6547 9.6532
0 927402 1 com-lj mappr 163.7500 163.4722
0 935215 1 com-orkut mappr 878.2376 876.5420
0 93584 1 com-orkut mappr 878.5705 877.1014
0 9494296 1 com-friendster mappr 16431.4173 16427.9443
0 9504055 1 com-friendster mappr 16451.2797 16448.7794
0 95228 1 com-amazon mappr 2.5245 2.3500
0 96026 1 com-youtube mappr 9.7690 9.7650
0 9617487 1 com-friendster mappr 16424.7436 16423.5073
0 962495 1 com-orkut mappr 878.3971 876.6839
0 964081 1 com-orkut mappr 882.0203 879.8887
0 96666 1 com-amazon mappr 2.5262 2.3548
0 9752957 1 com-friendster mappr 16428.4035 16425.9403
0 9777353 1 com-friendster mappr 16434.6340 16432.1596
0 978254 1 com-orkut mappr 878.7756 877.1954
0 97893 1 com-orkut mappr 878.5306 877.0415
0 983761 1 com-friendster mappr 16510.8444 16506.9553
0 98388 1 com-amazon mappr 2.4632 2.2954
0 99099 1 com-dblp mappr 2.8466 2.8135
0 992399 1 com-friendster mappr 16433.2119 16431.1163
0 996162 1 com-lj mappr 163.8622 163.6139
0 99634 1 com-dblp mappr 2.9091 2.8512
0 996643 1 com-lj mappr 164.1384 163.9144
0 998835 1 com-friendster mappr 16419.6687 16417.0289
